02 01 01 01 01 01 01 01 01 01 01 01 03 01 01 01 01 01 01 01 01 01 01 01 02 02
02 07 07 07 07 07 07 07 07 07 07 07 07 07 07 07 07 07 07 07 07 07 07 07 00 02
02 07 07 07 07 07 07 07 07 07 07 07 07 07 07 07 07 07 07 07 07 07 07 07 00 02
02 07 07 07 07 07 07 07 07 07 07 07 07 07 07 07 07 07 07 07 07 07 07 07 02 02
02 07 07 07 01 01 01 01 01 01 01 01 03 01 01 01 01 01 01 01 01 07 07 07 07 02
02 07 07 07 07 07 07 07 07 07 07 07 07 07 07 07 07 07 07 07 07 07 07 07 07 02
02 07 07 07 07 07 07 07 07 07 07 07 07 07 07 07 07 07 07 07 07 07 07 07 07 02
02 07 07 07 07 07 07 07 07 07 07 07 07 07 07 07 07 07 07 07 07 07 07 07 07 02
02 07 07 07 01 01 01 01 01 07 01 01 03 01 01 07 01 01 01 01 01 07 07 07 07 02
02 07 07 07 07 07 07 07 07 07 07 07 07 07 07 07 07 07 07 07 07 07 07 07 07 02
02 07 07 07 07 07 07 07 07 07 07 07 07 07 07 07 07 07 07 07 07 07 07 07 07 02
02 07 07 07 07 07 07 07 07 07 07 07 07 07 07 07 07 07 07 07 07 07 07 07 07 02
02 02 02 02 01 01 01 01 07 07 07 07 07 07 07 07 07 01 01 01 01 02 02 02 02 02
00 00 00 02 07 07 07 07 07 07 07 07 07 07 07 07 07 07 07 07 07 02 00 00 00 00
00 00 00 02 07 07 07 07 07 07 07 07 07 07 07 07 07 07 07 07 07 02 00 00 00 00
00 00 00 02 07 07 07 07 07 07 07 07 07 07 07 07 07 07 07 07 07 02 00 00 00 00
00 00 00 02 07 07 07 07 01 01 01 01 03 01 01 01 01 07 07 07 07 02 00 00 00 00
00 00 00 02 07 07 07 07 07 07 07 07 07 07 07 07 07 07 07 07 07 02 00 00 00 00
00 00 00 02 07 07 07 07 07 07 07 07 07 07 07 07 07 07 07 07 07 02 00 00 00 00
00 00 00 02 07 07 07 07 07 07 07 07 07 07 07 07 07 07 07 07 07 02 00 00 00 00
00 00 00 02 07 07 07 07 07 07 07 07 07 07 07 07 07 07 07 07 07 02 00 00 00 00
00 00 00 02 07 07 07 07 07 07 07 07 07 07 07 07 07 07 07 07 07 02 00 00 00 00
00 00 00 02 07 07 07 07 07 07 07 07 07 07 07 07 07 07 07 07 07 02 00 00 00 00
00 00 00 02 07 07 07 07 07 07 07 07 07 07 07 07 07 07 07 07 07 02 00 00 00 00
00 00 00 02 07 07 07 07 07 07 07 07 07 07 07 07 07 07 07 07 07 02 00 00 00 00
00 00 00 02 07 07 07 07 07 07 07 07 07 07 07 07 07 07 07 07 07 02 00 00 00 00
00 00 00 02 02 02 02 02 02 02 02 07 07 07 02 02 02 02 02 02 02 02 00 00 00 00
00 00 00 00 00 00 00 00 00 00 02 07 07 07 02 00 00 00 00 00 00 00 00 00 00 00
00 00 00 00 00 00 00 00 00 00 02 07 07 07 02 00 00 00 00 00 00 00 00 00 00 00
00 00 00 00 00 00 00 00 00 00 02 02 02 02 02 00 00 00 00 00 00 00 00 00 00 00