dungeon_castle
1,10
1,2,3
2160,180,Castle1.txt,2070,180:
2340,1710
02 01 01 01 01 03 01 01 01 01 01 01 01 01 01 01 01 01 01 03 01 01 01 01 02 02
02 05 05 05 05 05 05 05 05 05 05 05 05 05 05 05 05 05 05 05 05 05 05 05 00 02
02 05 05 05 05 05 05 05 05 05 05 05 05 05 05 05 05 05 05 05 05 05 05 05 00 02
02 05 05 05 05 05 05 05 05 05 05 05 05 05 05 05 05 05 05 05 05 05 05 05 02 02
02 05 05 05 05 05 05 05 05 05 05 05 05 05 05 05 05 05 05 05 05 05 05 05 02 00
02 05 05 05 05 05 05 05 05 05 05 05 05 05 05 05 05 05 05 05 05 05 05 05 02 00
02 05 05 05 05 05 05 05 05 05 05 05 05 05 05 05 05 05 05 05 05 05 05 05 02 00
02 05 05 05 05 05 05 05 05 05 05 05 05 05 05 05 05 05 05 05 05 05 05 05 02 00
02 05 05 05 05 05 05 05 05 05 05 05 05 05 05 05 05 05 05 05 05 05 05 05 02 00
02 05 05 05 05 05 05 05 05 05 05 05 05 05 05 05 05 05 05 05 05 05 05 05 02 00
02 01 01 01 01 01 03 01 01 01 01 05 05 05 01 01 01 01 03 01 01 01 01 01 02 00
02 08 08 08 08 08 08 08 08 08 08 08 08 08 08 08 08 08 08 08 08 08 08 08 02 00
02 08 08 08 08 08 08 08 08 08 08 08 08 08 08 08 08 08 08 08 08 08 08 08 02 00
02 08 08 08 08 08 08 08 08 08 08 08 08 08 08 08 08 08 08 08 08 08 08 08 02 00
02 08 08 08 08 08 08 08 08 08 08 08 08 08 08 08 08 08 08 08 08 08 08 08 02 00
02 08 08 08 08 08 08 08 08 08 08 08 08 08 08 08 08 08 08 08 08 08 08 08 02 00
02 08 08 08 08 08 08 08 08 08 08 08 08 08 08 08 08 08 08 08 08 08 08 08 02 00
02 02 02 02 02 02 02 02 02 02 00 00 02 02 02 02 02 02 02 02 02 02 02 02 02 00
00 00 00 00 00 00 00 00 00 02 00 00 02 00 00 00 00 00 00 00 00 00 00 00 00 00
00 00 00 00 00 00 00 00 00 02 02 02 02 00 00 00 00 00 00 00 00 00 00 00 00 00
